4670986987369365 6019
4000003753702942 4913
4000008099632177 4417
4000005551565334 2063
4000009249273015 7265
4000001269836926 1506
4000005061148179 3051
4000000399161896 6079
4000005968352392 9376
4000002440148270 6428
4000000312084626 6812
4000002982356386 5894
4000000455166582 6444
4000003872359997 7414
4000009184635826 6835
4000009766166218 4751
4000006693632269 2152
4000007201921046 9515
4000008888040097 2508
4000003559395814 2240
4000004995728765 4579
4000007641980836 3182
4000001532153525 9924
4000004164654921 7345
4000006611048583 7933
4000002999175569 6874
4000006680479525 0103
4000007152756745 8996
4000003298197126 5197
4000001942044199 5283
4000006267645678 9989
4000009911636911 1615
4000000106324645 6035
4000005085296524 5255
4000003514096656 6208
4000007563436028 8197
4000009431917601 2038
4000004463607212 2883
4000008131658895 2414
4000007864074544 2390
4000000965220470 8278
4000009221585717 4886
4000008543051622 0703
4000008348121091 6582
4000000655328062 7730
4000005678437238 5493
4000000653354938 7198
4000006157294652 0432
4000002145598338 6684
4000008910478895 7246
4000004522926223 4942
4000006886517720 9069
4000006085362464 2576
4000009739693250 4971
4000003344568734 5971
4000001726343387 4174
4000001099859282 8463
4000002886704467 5512
4000001021748926 8673
4000007851399730 4040
4000001765774393 8976
4000003222164176 7127
4000008335337825 3006
4000000454637648 6316
4000002854466313 8454
4000007995037261 5924
4000006657709076 6850
4000003850754074 5581
4000009870976605 7734
4000008632231333 6028
4000008075510979 3195
4000007244878523 8076
4000001462515016 8944
4000001416534352 0745
4000002425032552 2859
4000005275990852 0435
4000007348190288 2302
4000003241627443 3174
4000006543824618 5394
4000003471306544 4588
4000008733292465 1937
4000006065804949 2051
4000002426601033 5909
4000006958039108 0316
4000004475931543 4994
4000001600617898 9170
4000001606053387 7473
4000009964968583 4365
4000002729830040 9260
4000009882842837 1608
4000008702229720 0804
4000000492194651 6921
4000006456052298 4576
4000004034485031 1304
4000004494255981 0421
4000000442326536 3174
4000003920967367 4648
4000001535956064 1922
4000000284799949 3013
4000006333674934 1001
4000003577202159 3926
4000005431195131 6829
4000002573189485 2169
4000009665105261 0690
4000005630138387 4074
4000004452883444 3843
4000000284694678 7250
4000007620877313 5501
4000002865002263 3919
4000003235187214 6358
4000004453251096 6704
4000000514906413 7800
4000006846313939 9563
4000008248856747 3497
4000006264238378 8683
4000005857067251 6130
4000003606860787 6371
4000003845203385 5200
4000005346641500 5874
4000006583669675 0711
4000006743125733 5597
4000006095596804 8612
4000006694355024 2274
4000009691427416 7295
4000002091077030 9723
4000007279576307 4443
4000007929735352 4039
4000000590135424 6749
4000000052030923 6666
4000002456529385 7917
4000009284352682 5563
4000003404543296 6808
4000007810493228 8805
4000001989702618 7733
4000005280796393 7628
4000004647507601 3514
4000003416946289 5545
4000004205235512 0264
4000000724083433 0287
4000007782330002 5562
4000001944760339 9617
4000002818358796 9799
4000003500298506 2597
4000008730855736 3616
4000008399172829 2972
4000007140418218 8527
4000002909120998 5884
4000004811767528 6143
4000005597525212 6141
4000009113990389 0363
4000000746328964 8174
4000005599370591 5027
4000000524188705 1233
4000008796847767 6984
4000001913693958 9234
4000009873294048 4369
4000003340806286 7155
4000009473848136 0980
4000008635333110 1270
4000001533485801 6798
4000003441174600 9124
4000000981294293 7599
4000001459041927 1637
4000002284613500 2604
4000003887860936 1453
